rate: 100 # [Hz]

offset_x: 598382.818898 
offset_y: 5631075.261525  
